50words 50 450 455 270 0.369231 0.30989
Adiac 37 390 391 176 0.388747 0.396419
AIBO 2 20 601 70 0.304493 0.274542
arrowhead 3 36 175 475 0.502857 0.531429
ARSim 2 2000 2000 500 0.489 0.4035
Beef 5 30 30 470 0.466667 0.5
CBF 3 30 900 128 0.147778 0.00333333
ChlorineConcentration 3 467 3840 166 0.35 0.351562
CinC_ECG_torso 4 40 1380 1639 0.102899 0.349275
Coffee 2 28 28 286 0.25 0.178571
Cricket 2 9 98 308 0.0510204 0.0102041
Cricket_X 12 390 390 300 0.425641 0.223077
Cricket_Y 12 390 390 300 0.35641 0.207692
Cricket_Z 12 390 390 300 0.379487 0.207692
DiatomSizeReduction 4 16 306 345 0.0653595 0.0326797
Earthquakes 2 322 139 512 0.302158 0.294964
ECG200 2 100 100 96 0.12 0.23
ECGFiveDays 2 23 861 136 0.203252 0.232288
ElectricDevices 7 8953 7745 96 0.455907 0.329761
FaceAll 14 560 1690 131 0.286391 0.192308
FaceFour 4 24 88 350 0.215909 0.170455
FacesUCR 14 200 2050 131 0.230732 0.095122
fish 7 175 175 463 0.217143 0.165714
FordA 2 3601 1320 500 0.313636 0.275758
FordB 2 3636 810 500 0.403704 0.340741
Gun_Point 2 50 150 150 0.0866667 0.0933333
HandOutlines 2 1000 370 2709 0.137838 0.118919
Haptics 5 155 308 1092 0.62987 0.623377
InlineSkate 7 100 550 1882 0.658182 0.616364
ItalyPowerDemand 2 67 1029 24 0.0447036 0.0495627
Lighting2 2 60 61 637 0.245902 0.131148
Lighting7 7 70 73 319 0.424658 0.273973
MALLAT 8 55 2345 1024 0.0857143 0.0660981
mallet 8 320 2080 256 0.0346154 0.0235577
MedicalImages 10 381 760 99 0.315789 0.263158
MoteStrain 2 20 1252 84 0.121406 0.165335
NonInvasiveFetalECG_Thorax1 42 1800 1965 750 0.170992 0.209669
NonInvasiveFetalECG_Thorax2 42 1800 1965 750 0.120102 0.135369
OliveOil 4 30 30 570 0.133333 0.133333
OSULeaf 6 200 242 427 0.483471 0.409091
Passgraph 2 69 131 364 0.374046 0.290076
shield 3 30 129 1179 0.139535 0.139535
SonyAIBORobotSurface 2 20 601 70 0.304493 0.274542
SonyAIBORobotSurfaceII 2 27 953 65 0.140609 0.16894
StarLightCurves 3 1000 8236 1024 0.151166 0.208
SwedishLeaf 15 500 625 129 0.2112 0.0502513
Symbols 6 25 995 398 0.100503 0.00666667
synthetic_control 6 300 300 60 0.12 0.0
Trace 4 100 100 275 0.24 0.0
Two_Patterns 4 1000 4000 128 0.09325 0.095698
TwoLeadECG 2 23 1139 82 0.252853 0.095698
uWaveGestureLibrary_X 8 896 3582 315 0.260748 0.272473
uWaveGestureLibrary_Y 8 896 3582 315 0.338358 0.365997
uWaveGestureLibrary_Z 8 896 3582 315 0.350363 0.341709
wafer 2 1000 6164 152 0.0045425 0.0201168
WordsSynonyms 25 267 638 270 0.382445 0.351097
yoga 2 300 3000 426 0.169667 0.163667