Adiac 0.37852 0.37596 0.39642
arrowhead 0.40571 0.38286 0.39429
Beef 0.43333 0.43333 0.36667
CBF 0.01556 0.04 0.37556
ChlorineConcentration 0.3388 0.34115 0.34635
CinC_ECG_torso 0.32971 0.32899 0.33551
Coffee 0.03571 0.03571 0.00
Cricket 0.39796 0.39796 0.20408
Cricket_X 0.33846 0.35897 0.47949
Cricket_Y 0.34103 0.37179 0.52051
Cricket_Z 0.34359 0.33333 0.50256
DiatomSizeReduction 0.08824 0.13072 0.08497
ECG200 0.22 0.28 0.29
ECGFiveDays 0.01161 0.01045 0.11498
FaceAll 0.2574 0.25385 0.29645
FaceFour 0.09091 0.00 0.57955
FacesUCR 0.10488 0.09512 0.1961
FISH 0.02857 0.03429 0.15429
Gun_Point 0.01333 0.01333 0.12667
Haptics 0.57792 0.57143 0.66558
InlineSkate 0.70727 0.65818 0.62545
ItalyPowerDemand 0.06803 0.06803 0.09718
Lighting2 0.22951 0.29508 0.37705
Lighting7 0.35616 0.30137 0.45205
MALLET 0.03317 0.0399 0.04423
MedicalImages 0.52237 0.50789 0.55658
MoteStrain 0.10304 0.18211 0.23482
OliveOil 0.13333 0.13333 0.13333
OSULeaf 0.10331 0.10744 0.43388
Passgraph 0.29771 0.31298 0.36641
shield 0.08527 0.17829 0.13178
SonyAIBORobotSurface 0.49584 0.40932 0.401
SonyAIBORobotSurfaceII 0.11857 0.10808 0.20042
StarLightCurves 0.07916 0.09009 0.15881
SwedishLeaf 0.2208 0.232 0.2784
Symbols 0.05327 0.09648 0.2402
synthetic_control 0.01333 0.01667 0.11667
Trace 0.17 0.15 0.01
Two_Patterns 0.00175 0.00325 0.00775
TwoLeadECG 0.01756 0.01932 0.03073
uWaveGestureLibrary_X 0.27917 0.26577 0.31128
uWaveGestureLibrary_Y 0.37074 0.35427 0.41848
uWaveGestureLibrary_Z 0.32049 0.32272 0.38247
wafer 0.00114 0.00065 0.00406
WordsSynonyms 0.46865 0.46708 0.62226
yoga 0.159 0.15633 0.24467
