"50words" 0.63077 0.37802 0.37363
"Adiac" 0.50384 0.43478 0.41688
"AIBO" 0.37105 0.30616 0.30948
"arrowhead" 0.40571 0.43429 0.54857
"Beef" 0.96667 0.9 0.86667
"CBF" 0.20444 0.01 0.00667
"ChlorineConcentration" 0.34323 0.34115 0.34193
"CinC_ECG_torso" 0.3442 0.35217 0.35652
"Coffee" 0 0 0
"Cricket" 0.81633 0.96939 1
"Cricket_X" 0.48205 0.30769 0.32564
"Cricket_Y" 0.52564 0.31795 0.35128
"Cricket_Z" 0.50769 0.32051 0.29744
"DiatomSizeReduction" 0.24183 0.12092 0.12418
"ECG200" 0.27 0.15 0.14
"ECGFiveDays" 0.07666 0.00465 0.00348
"ElectricDevices" 0.38257 0.37392 0.37405
"FaceAll" 0.2929 0.25148 0.24438
"FaceFour" 0.11364 0.11364 0.125
"FacesUCR" 0.24195 0.10878 0.1
"fish" 0.09714 0.02857 0.01714
"Gun_Point" 0.04667 0.01333 0.02
"Haptics" 0.6461 0.57468 0.62338
"InlineSkate" 0.65455 0.66545 0.59273
"ItalyPowerDemand" 0.22741 0.11953 0.08941
"Lighting2" 0.27869 0.2623 0.22951
"Lighting7" 0.54795 0.34247 0.41096
"MALLAT" 0.25458 0.20085 0.19915
"mallet" 0.05962 0.0351 0.05048
"MedicalImages" 0.54737 0.51579 0.55526
"MoteStrain" 0.19329 0.12859 0.11661
"OliveOil" 0.13333 0.13333 0.13333
"OSULeaf" 0.30579 0.16529 0.15289
"Passgraph" 0.43511 0.34351 0.37405
"shield" 0.17054 0.12403 0.1938
"SonyAIBORobotSurface" 0.37105 0.30616 0.30948
"SonyAIBORobotSurfaceII" 0.14481 0.12592 0.12592
"StarLightCurves" 0.10915 0.12227 0.1077
"SwedishLeaf" 0.3472 0.2752 0.28
"Symbols" 0.28744 0.08945 0.12362
"synthetic_control" 0.07333 0.01333 0.01667
"Trace" 0.02 0 0
"TwoLeadECG" 0.07375 0.01229 0.01141
"Two_Patterns" 0.04225 0.004 0.0035
"uWaveGestureLibrary_X" 0.39559 0.33138 0.323
"uWaveGestureLibrary_Y" 0.49302 0.38945 0.36376
"uWaveGestureLibrary_Z" 0.44752 0.37214 0.3565
"wafer" 0.0026 0.00227 0.00227
"WordsSynonyms" 0.69122 0.44044 0.43574
"yoga" 0.224 0.151 0.162
